0000
0000
0000
0000
0000
0000
0000
0000
0000
0000
0000
0000
0000
0000
0000
0000
0000
0000
0000
0000
0000
0000
0000
0000
0000
0000
0000
0000
0000
0000
0000
0000
0000
BC00
0000
0000
0000
0000
0000
0000
0000
0000
0000
0000
0000
0000
0000
0000
0000
0000
0000
0000
0000
0000
0000
0000
0000
0000
0000
0000
0000
0000
0000
0000
0000
B9A8
BC00
B9A8
0000
0000
0000
0000
0000
0000
0000
0000
0000
0000
0000
0000
0000
0000
0000
0000
0000
0000
0000
0000
0000
0000
0000
0000
0000
0000
0000
0000
0000
B61F
B9A8
BB64
BC00
BB64
B9A8
B61F
0000
0000
0000
0000
0000
0000
0000
0000
0000
0000
0000
0000
0000
0000
0000
0000
0000
0000
0000
0000
0000
0000
0000
0000
0000
B23E
B61F
B872
B9A8
BAA7
BB64
BBD9
BC00
BBD9
BB64
BAA7
B9A8
B872
B61F
B23E
0000
0000
0000
0000
0000
0000
0000
0000
0000
0000
0000
0000
0000
0000
0000
0000
0000
AE46
B23E
B4A5
B61F
B78B
B872
B913
B9A8
BA2F
BAA7
BB0E
BB64
BBA8
BBD9
BBF6
BC00
BBF6
BBD9
BBA8
BB64
BB0E
BAA7
BA2F
B9A8
B913
B872
B78B
B61F
B4A5
B23E
AE46

