0000
0000
0000
0000
0000
0000
0000
0000
0000
0000
0000
0000
0000
0000
0000
0000
0000
0000
0000
0000
0000
0000
0000
0000
0000
0000
0000
0000
0000
0000
0000
0000
0000
8000
0000
0000
0000
0000
0000
0000
0000
0000
0000
0000
0000
0000
0000
0000
0000
0000
0000
0000
0000
0000
0000
0000
0000
0000
0000
0000
0000
0000
0000
0000
0000
A57D
8000
A57D
0000
0000
0000
0000
0000
0000
0000
0000
0000
0000
0000
0000
0000
0000
0000
0000
0000
0000
0000
0000
0000
0000
0000
0000
0000
0000
0000
0000
0000
CF04
A57D
89BE
8000
89BE
A57D
CF04
0000
0000
0000
0000
0000
0000
0000
0000
0000
0000
0000
0000
0000
0000
0000
0000
0000
0000
0000
0000
0000
0000
0000
0000
0000
E707
CF04
B8E3
A57D
9592
89BE
8275
8000
8275
89BE
9592
A57D
B8E3
CF04
E707
0000
0000
0000
0000
0000
0000
0000
0000
0000
0000
0000
0000
0000
0000
0000
0000
0000
F374
E707
DAD7
CF04
C3A9
B8E3
AECC
A57D
9D0E
9592
8F1D
89BE
8582
8275
809D
8000
809D
8275
8582
89BE
8F1D
9592
9D0E
A57D
AECC
B8E3
C3A9
CF04
DAD7
E707
F374

