8000
0000
0000
0000
0000
0000
0000
0000
0000
0000
0000
0000
0000
0000
0000
0000
0000
0000
0000
0000
0000
0000
0000
0000
0000
0000
0000
0000
0000
0000
0000
0000
8000
0000
0000
0000
0000
0000
0000
0000
0000
0000
0000
0000
0000
0000
0000
0000
0000
0000
0000
0000
0000
0000
0000
0000
0000
0000
0000
0000
0000
0000
0000
0000
8000
5A82
0000
A57D
0000
0000
0000
0000
0000
0000
0000
0000
0000
0000
0000
0000
0000
0000
0000
0000
0000
0000
0000
0000
0000
0000
0000
0000
0000
0000
0000
0000
8000
7641
5A82
30FB
0000
CF04
A57D
89BE
0000
0000
0000
0000
0000
0000
0000
0000
0000
0000
0000
0000
0000
0000
0000
0000
0000
0000
0000
0000
0000
0000
0000
0000
8000
7D8A
7641
6A6D
5A82
471C
30FB
18F8
0000
E707
CF04
B8E3
A57D
9592
89BE
8275
0000
0000
0000
0000
0000
0000
0000
0000
0000
0000
0000
0000
0000
0000
0000
0000
8000
7F62
7D8A
7A7D
7641
70E2
6A6D
62F1
5A82
5133
471C
3C56
30FB
2528
18F8
0C8B
0000
F374
E707
DAD7
CF04
C3A9
B8E3
AECC
A57D
9D0E
9592
8F1D
89BE
8582
8275
809D

