3C00
0000
0000
0000
0000
0000
0000
0000
0000
0000
0000
0000
0000
0000
0000
0000
0000
0000
0000
0000
0000
0000
0000
0000
0000
0000
0000
0000
0000
0000
0000
0000
3C00
0000
0000
0000
0000
0000
0000
0000
0000
0000
0000
0000
0000
0000
0000
0000
0000
0000
0000
0000
0000
0000
0000
0000
0000
0000
0000
0000
0000
0000
0000
0000
3C00
39A8
0000
B9A8
0000
0000
0000
0000
0000
0000
0000
0000
0000
0000
0000
0000
0000
0000
0000
0000
0000
0000
0000
0000
0000
0000
0000
0000
0000
0000
0000
0000
3C00
3B64
39A8
361F
0000
B61F
B9A8
BB64
0000
0000
0000
0000
0000
0000
0000
0000
0000
0000
0000
0000
0000
0000
0000
0000
0000
0000
0000
0000
0000
0000
0000
0000
3C00
3BD9
3B64
3AA7
39A8
3872
361F
323E
0000
B23E
B61F
B872
B9A8
BAA7
BB64
BBD9
0000
0000
0000
0000
0000
0000
0000
0000
0000
0000
0000
0000
0000
0000
0000
0000
3C00
3BF6
3BD9
3BA8
3B64
3B0E
3AA7
3A2F
39A8
3913
3872
378B
361F
34A5
323E
2E46
0000
AE46
B23E
B4A5
B61F
B78B
B872
B913
B9A8
BA2F
BAA7
BB0E
BB64
BBA8
BBD9
BBF6

